720	11	312	500	1070	1028	442	58	679	1001	803	1295	1413	184	203	216	600	1256	225	230	284	1266	325	1123	962	933	1126	1139	474	1401	509	1349	1318	828	1389	1395	1075	1205	624	643	696	760	1194	761	768	1082	1387	1071	1422	1268	1254	763	879	1419	791	1197	766	913	1280	1378	771	1301	1220	955	889	1446	872	1141	774	1145	1369	838	1005	1489	1062	1072	1080	1472	1105	1130	1154	1199	1207	1308	1344	1255	1372	1406	1421	1441	776	964	989	1114	1445	1426	784	991	1026	888	918	1470	1175	1331	1003	1128	946	790	1407	1210	819	1457	1396	893	1201	1305	1213	796	801	804	805	914	808	995	1432	811	812	864	1373	815	1144	1436	823	1010	827	1298	1158	829	831	833	1391	1100	1458	1290	840	841	842	870	1338	846	847	850	959	1359	904	1287	930	937	1468	1487	1093	1206	873	1356	901	1178	1274	894	860	882	899	1211	938	987	1264	1076	1383	1322	1486	1420	1350	1475	1015	1219	1271	1428	1444	1224	1196	1469	1438	903	1371	940	1415	1332	965	1146	1238	1471	974	1323	1077	1156	1116	1433	1017	1393	1404	1425	1343	1300	1265	780	1064	975	1242	1097	1090	1157	954	1367	871	849	1102	1281	1336	1304	915	1474	1485	858	1377	1129	1034	1182	1297	869	1165	1416	848	1124	1087	1030	1190	1149	992	1353	874	1006	1226	825	1467	859	857	863	1309	875	876	958	881	916	898	1258	1340	1442	1188	884	890	939	1136	982	896	1278	1084	911	912	920	925	926	931	1169	1447	1240	942	947	951	960	1184	977	1044	1451	1019	984	994	1038	1476	1068	632	1167	1454	1310	1449	1307	1004	1379	1014	1018	1020	1023	1024	1025	799	910	1057	1058	945	1460	1203	1078	1079	1448	1083	1160	1096	1368	834	1345	1106	1113	1115	1119	1127	1385	1333	1473	1155	1170	1456	1168	1171	1176	1186	1198	978	1204	1208	1042	1234	1029	1412	1237	1239	1247	1249	1252	1253	1257	1261	1262	1403	1263	1267	1273	1279	1282	1288	1291	1302	1303	1314	1316	983	1319	800	868	1335	1341	1342	1354	1355	1361	1366	1365	1375	523	929	1388	1397	1398	1405	1431	1434	1440	1450	1484	1488	1490
1	367	544	52	6	567	9	10	12	96	440	162	351	282	314	481	17	745	20	686	725	107	1380	26	78	28	341	310	409	220	662	268	450	45	649	541	97	34	553	36	38	227	517	519	718	41	625	42	717	443	83	47	53	66	358	275	69	70	743	73	475	538	77	79	648	133	245	1099	67	584	86	87	93	95	98	551	411	103	731	1229	110	501	113	186	116	653	603	121	397	123	311	735	292	295	104	125	129	88	138	689	713	141	142	143	127	281	335	702	645	147	730	149	619	527	151	152	157	158	418	160	659	333	163	165	498	313	166	316	661	283	451	175	178	179	436	188	190	578	700	680	1477	192	193	534	194	198	201	207	329	212	217	671	424	222	287	360	273	307	235	272	321	681	239	674	243	244	105	488	255	651	300	550	262	269	583	274	277	598	279	280	503	548	655	289	532	290	293	298	299	303	305	309	315	622	328	331	427	337	340	344	350	554	353	355	356	361	318	362	37	513	549	364	365	368	373	667	378	379	380	381	382	383	384	385	530	439	403	521	694	416	419	420	421	426	428	215	444	445	448	580	200	595	747	291	505	466	354	497	62	494	7	429	809	562	470	1225	106	491	496	502	506	507	44	59	708	511	392	605	525	537	590	555	861	246	404	597	542	252	1233	51	613	616	617	626	635	646	652	407	30	738	171	408	668	670	683	685	691	704	705	711	715	722	732	758	739	757	1074	1189
1435	1245	1437	996	1063	1055	818	1337	119	1086	885	932	1325	1152	1461	1317	1478	1479	1179	1041	798	1021	1360	1231	979	1209	1153	1191	990	1251	862	936	973	1463	1135	941	490	779	824	856	810	1250	1223	961	1148	967	1330	773	1122	972	782	1067	276	878	826	764	1000	1121	944	1306	837	1328	1048	1217	1047	950	1394	1246	830	835	1222	1418	1430	1159	993	539	1101	956	1052	1092	1104	892	1045	907	1277	802	1232	919	935	1095	908	786	1381	1215	1236	851	1296	1348	1049	880	1008	1275	980	1037	777	781	1134	1081	854	762	775	1187	822	927	966	1455	1390	1221	1214	1269	1414	1352	1357	1166	1061	1069	1172	1399	1346	1150	765	1482	1164	1293	1392	988	792	883	952	1429	1459	767	1329	1177	981	1054	772	1411	953	1351	1427	1007	1200	971	778	839	843	865	1364	1384	1402	814	1091	1408	1036	817	1374	949	787	793	934	1321	1065	1192	806	1009	807	813	1185	1218	816	1013	943	1320	1053	909	900	1133	1202	852	1088	1163	1125	1334	1244	1161	1339	1227	895	1423	1362	1162	1108	886	922	921	998	1103	1195	1031	1040	1313	1410
575	644	23	483	434	642	323	55	664	2	29	446	564	18	431	24	547	99	144	154	159	204	248	650	180	495	172	363	389	391	756	238	669	561	563	566	572	754	623	687	514	737	8	387	40	264	241	393	278	604	512	574	591	596	634	210	145	535	472	72	461	301	13	150	297	480	729	14	454	570	118	347	405	493	492	577	676	726	187	460	394	441	189	15	27	233	609	115	259	736	449	699	156	65	181	703	16	31	468	202	579	374	524	109	218	693	677	89	21	114	191	417	675	615	102	170	402	585	453	168	589	371	167	432	712	508	35	377	224	560	229	75	489	288	465	688	612	39	399	637	124	46	140	209	727	467	56	621	205	556	82	396	90	647	714	100	536	484	660	326	410	620	101	137	559	256	469	177	573	219	317	257	618	568	755	1131
332	477	5	267	130	19	1089	22	406	610	452	349	32	33	76	43	471	587	64	68	249	185	682	80	81	588	401	84	92	438	1417	117	237	515	631	128	132	136	253	479	744	1085	208	211	223	422	415	250	357	296	327	345	352	654	690	370	388	390	414	499	504	1109	518	721	540	601	602	614	897	657	684	709	740	749	788	797	836	891	1276	1409	887	1315	1060	968	970	1117	1140	1180	1193	1046	1212	1216	1286	1289	1326	1382	1439
85	462	516	628	716
741	308	437	701
1183	820	821	794
640	338	543
963	1112	855
155	641
1270	1481
173	213
400	487
1260	1259
1051
182
666
